# recorded poses of robot manipulator
-1.69947 2.28332 -0.361268 0.381163 -0.258885 1.25362
-1.53652 1.8821 -0.738999 0.0224592 -0.170056 1.37035
-1.64058 2.03923 -0.54074 0.233966 -0.217529 1.33163
-1.88657 1.91723 -0.673207 0.232892 -0.224708 1.33116
-1.30309 2.26503 -0.506316 0.23266 -0.224697 1.33119
-1.74443 2.30261 -0.304993 0.465504 -0.276638 1.22353
-1.4312 2.40589 -0.341236 0.414934 -0.265476 1.25842
-2.01292 2.15199 -0.363493 0.466329 -0.297708 1.21622
-1.52408 2.59534 -0.545235 0.365721 -0.322884 1.24141
-1.41009 2.45311 -0.742755 0.208784 -0.271933 1.31341
-2.05423 2.12473 -0.846508 0.207941 -0.274012 1.31375
-0.740371 2.6424 -0.644941 0.208089 -0.273981 1.31371
-1.06561 2.25257 -1.01586 -0.0610683 -0.188609 1.37179
-1.58091 1.97868 -1.27473 -0.135033 -0.164615 1.37365
-0.896888 2.7337 -0.808506 0.0739469 -0.58466 1.16239
-1.40032 2.66823 -0.878716 0.0402723 -0.586559 1.1639
-1.38448 2.32274 -1.43968 -7.16187e-05 -0.408935 1.35315
1.80666 -2.11083 1.41582 0.0378533 -0.456074 1.3352
-0.915658 2.59728 -1.11189 0.0189989 -0.481463 1.29987
