# recorded poses of robot manipulator
-0.91574 2.59717 -1.11196 0.0190365 -0.481503 1.29987
-1.38018 2.33322 -1.42716 0.0318968 -0.436996 1.35035
1.27649 -2.54346 1.15337 0.00037394 -0.327303 1.34139
1.36281 -2.52546 0.993157 -0.00112652 -0.325679 1.32441
-0.937488 2.88432 -0.778678 -0.0421013 -0.263035 1.30417
-1.44404 2.52232 -0.602905 0.100027 -0.371083 1.27071
-0.985075 2.67623 -0.540679 0.100207 -0.371218 1.27065
-1.94543 2.19849 -0.65892 0.10651 -0.37065 1.2713
-1.93129 2.16606 -0.80286 0.253309 -0.544026 1.1902
-1.25356 2.49345 -0.695923 0.2533 -0.543992 1.19015
-1.22468 2.3961 -0.907019 0.255847 -0.546369 1.21741
-1.86354 2.11917 -1.03436 0.255748 -0.546368 1.21754
-1.43551 2.24432 -1.11444 0.191461 -0.473335 1.27901
-2.07044 2.06154 -0.913195 0.276435 -0.571412 1.16425
-1.65988 2.20154 -0.532466 0.648372 -0.421504 1.07831
-1.40961 2.15511 -0.612104 0.509614 -0.435347 1.18795
-1.69228 2.32459 -0.306049 0.634069 -0.494455 1.03981
-1.39365 2.43837 -0.29073 0.629738 -0.483964 1.06615
