# recorded poses of robot manipulator
-0.204568 2.32019 -1.8972 0.289186 -0.888589 0.502724
-0.023827 2.4005 -1.9658 0.289056 -0.888574 0.433451
-0.0809193 2.16005 -1.80984 0.289325 -0.888512 0.433598
0.530306 -2.40763 1.90295 0.289192 -0.888564 0.433491
0.520355 -2.22084 2.07881 0.2892 -0.888576 0.433621
-0.0409713 2.15361 -1.70296 0.159816 -0.888452 0.433621
-0.292006 2.45006 -1.7087 -0.0982553 -0.823292 0.365031
0.0366322 2.36711 -1.45378 -0.0982171 -0.82329 0.364988
0.397393 -2.58762 1.50507 0.156103 -0.823521 0.811608
-0.144558 2.55213 -1.54726 0.554712 -0.831213 0.737679
0.392987 -2.58267 1.51949 0.554523 -0.831201 0.737667
0.177694 2.20498 -1.3935 0.55489 -0.83124 0.737841
-0.155817 2.32382 -1.91653 0.554665 -0.831303 0.565288
-0.0942542 2.7493 -1.1796 0.554685 -0.831074 0.915414
-0.11854 2.60751 -1.48227 1.05834 -0.305288 0.821354
-0.153054 2.34298 -1.89312 1.05842 -0.305328 0.821583
0.107595 2.29118 -1.52564 1.05851 -0.305329 0.821475
0.394599 -2.51624 1.59091 1.04037 -0.301494 0.821426
-0.179142 2.6843 -1.38116 1.0405 -0.301517 0.821242
0.5134 -2.44112 1.18499 0.873921 -0.311602 1.00384
