# recorded poses of robot manipulator
0.639184 0.556129 1.47014 0.783246 -0.294382 0.278417
0.57338 0.672308 1.7476 0.83512 -0.0521758 0.278567
0.858797 0.756587 1.2018 0.676291 -0.561123 0.179392
0.477632 0.471371 1.80452 0.968682 -0.00824765 0.277511
0.331051 0.533918 1.34811 0.96864 -0.00833934 0.277766
0.164133 0.573781 0.813036 0.968628 -0.00831224 0.277803
0.585039 0.39401 2.06891 0.969113 -0.0113278 0.277721
0.333632 0.107794 1.71046 1.10566 -0.463193 0.259031
0.297016 0.155071 1.37608 1.10562 -0.463269 0.259085
0.330148 0.112603 1.67964 1.10559 -0.463326 0.25916
0.203889 0.0475641 1.69105 1.0868 -0.459682 0.406959
0.22427 0.00520117 2.08091 1.08685 -0.459701 0.406815
0.183395 0.0911488 1.51709 1.14429 -0.288309 0.406954
0.156113 0.118999 1.13804 1.14429 -0.288369 0.406793
0.135579 0.154035 1.53336 1.16684 0.176119 0.406936
0.115868 0.163056 1.32737 1.16685 0.176026 0.406973
0.16441 0.13786 1.83475 1.16686 0.175988 0.406978
0.0553433 0.00373944 1.3214 1.12093 0.147461 0.58755
